0.00000000e+000 -3.53185494e-001
2.00000000e-002 -7.61279947e-001
4.00000000e-002 -1.31942032e-001
6.00000000e-002 1.08363024e-002
8.00000000e-002 -3.16761006e-001
1.00000000e-001 -1.87072414e-002
1.20000000e-001 -4.42906873e-001
1.40000000e-001 3.36162928e-001
1.60000000e-001 -1.99753345e-001
1.80000000e-001 4.55980619e-001
2.00000000e-001 4.46908800e-002
2.20000000e-001 4.33274885e-001
2.40000000e-001 3.03122849e-001
2.60000000e-001 4.00721833e-002
2.80000000e-001 8.85762610e-002
3.00000000e-001 4.97640292e-001
3.20000000e-001 1.91960095e-001
3.40000000e-001 8.88921861e-001
3.60000000e-001 8.94238371e-001
3.80000000e-001 5.30500628e-001
4.00000000e-001 1.14755507e+000
4.20000000e-001 9.56072218e-001
4.40000000e-001 4.35019647e-001
4.60000000e-001 9.24792735e-001
4.80000000e-001 3.79259606e-001
5.00000000e-001 9.83358043e-001
5.20000000e-001 4.73846990e-001
5.40000000e-001 5.51358770e-001
5.60000000e-001 1.14181726e+000
5.80000000e-001 5.39886936e-001
6.00000000e-001 1.02426607e+000
6.20000000e-001 6.08581415e-001
6.40000000e-001 1.22118505e+000
6.60000000e-001 1.02262786e+000
6.80000000e-001 5.40574247e-001
7.00000000e-001 7.84272471e-001
7.20000000e-001 1.06570273e+000
7.40000000e-001 1.45913508e+000
7.60000000e-001 1.38786865e+000
7.80000000e-001 1.27775963e+000
8.00000000e-001 9.65423836e-001
8.20000000e-001 1.01900552e+000
8.40000000e-001 9.38903901e-001
8.60000000e-001 6.57796675e-001
8.80000000e-001 4.65761927e-001
9.00000000e-001 1.21253940e+000
9.20000000e-001 3.64350591e-001
9.40000000e-001 1.06299294e+000
9.60000000e-001 6.79039521e-001
9.80000000e-001 2.19659347e-001
1.00000000e+000 1.28598493e-001